0155
0156
0157
0158
0159
020
021
022
047
048
049
0410
0411
0412
0413
0414
0415
0416
0417
0436
0437
0438
0439
0440
0441
0442
0443
0444
0454
0455
0456
0457
0458
0459
050
051
052
053
0511
0512
0513
0514
0515
0516
0517
0518
0519
0520
0530
0531
0532
0533
0534
0535
0536
0537
0538
0548
0549
0550
0551
0552
0553
0554
0555
066
067
068
069
0610
0611
0612
0613
0622
0623
0624
0625
0626
0627
0628
0629
0630
0631
0632
0642
0643
0644
0645
0646
0647
0648
0649
0650
071
072
073
074
075
076
077
078
079
0710
0711
0712
0723
0724
0725
0726
0727
0728
0729
0730
0731
0742
0743
0744
0745
0746
0747
0748
0749
0750
0751
081
082
083
084
085
086
087
088
089
0810
0811
0821
0822
0823
0824
0825
0826
0827
0828
0829
0830
0840
0841
0842
0843
0844
0845
0846
0847
0848
0849
0858
0859
090
091
092
093
094
095
096
0915
0916
0917
0918
0919
0920
0921
0922
0923
0924
0925
0940
0941
0942
0943
0944
0945
0946
0100
0101
0102
0103
0104
0105
0106
0107
01019
01020
01021
01022
01023
01024
01025
01026
01027
01028
01037
01038
01039
01040
01041
01042
01043
01044
01045
01046
01047
01048
01049
01050
0111
0112
0113
0114
0115
0116
0117
0118
0119
01110
01111
01112
01122
01123
01124
01125
01126
01127
01128
01129
01130
01131
01141
01142
01143
01144
01145
01146
01147
01148
01149
01150
01151
01152
0123
0124
0125
0126
0127
0128
0129
01210
01211
01223
01224
01225
01226
01227
01228
01229
01230
01231
01232
01242
01243
01244
01245
01246
01247
01248
01249
01250
01251
01252
0134
0135
0136
0137
0138
0139
01310
01311
01312
01313
01314
01327
01328
01329
01330
01331
01332
01333
01334
01335
01336
01349
01350
01351
01352
01353
01354
01355
01356
01357
01358
01359
01412
01413
01414
01415
01416
01417
01418
01419
01420
01433
01434
01435
01436
01437
01438
01439
01440
01448
01449
01450
01451
01452
01453
0151
0152
0153
0154
0155
0156
0157
